1.500363424308242
0.41511949535795756
-0.812654024862077
2.078421143849101
1.1526622893874614
0.2896843729402607
0.17209863564373773
-1.7466727385985568
0.7916114550219382
-0.8083933529840452
-0.8387228459084919
0.03059277258640858
1.3353626929467195
1.9488527229398978
1.2050599788095013
-0.7475874424390279
-0.4844511426615883
1.8564127986417591
-2.2580893029562987
1.1084785870247518
0.2520045165222067
-0.6470349005840008
2.2076287304264053
0.7709823765235821
0.21857921890774712
-0.745857802240069
-0.7556519826422399
0.7526749538687763
1.4694961173116936
-0.2564308895500007
0.8303029701213838
1.195767470260281
0.7344122948920004
0.2954822403163515
0.14198102461407958
1.2024341561174512
0.6753662132368703
0.6094290243283806
2.2108109613464637
-1.150923706218622
1.7725053344571933
4.340061481026848
0.5198297130013616
1.7869531443772417
-0.3388888229568252
0.5341810571643268
0.14978145048906155
1.1963761459293636
1.2212618862614564
0.8118496008621183
1.3124422198145207
1.9160630557253544
1.172021348595384
2.165171273186158
1.5078642606666661
0.5534698570979728
1.8196854776374414
0.9481689925279331
-1.7921973008145495
0.23753530026921466
1.24585709635206
0.6138709052131408
1.6235395084799942
0.4994193727200016
1.5552396233026373
1.5853330400802403
0.5460369870781627
0.5934706120490851
1.225190705074597
0.221786537373712
0.6170392225913819
1.292598845678488
0.2235226890403963
0.7474639568226298
0.23841209743627667
0.16517047763568238
0.44003553613971347
1.0067614510014855
0.7169779859240855
-0.07829499731347012
-0.05706962902202006
0.6059901550140978
1.3616227932158198
0.1740123872798769
0.7498402856892761
1.1109319288383572
-0.2079157529449156
0.20519242202958954
0.35955008683881395
1.217196876550366
0.16585779274090218
0.22872657346419611
-0.2943628670185343
2.2407133021274537
1.4839739804623937
0.2773018915029297
-2.373547519325782
-0.20813213638966488
-2.2103903169662478
0.4462939702270132
0.15546182309211698
0.9508771554073299
0.14542411981746417
2.1616962472974834
0.8362744288494355
0.21336367538167256
0.4869191798890622
0.3367869556475611
2.1819831384107364
-0.751987928891352
0.6008236248909475
-0.14688264685490715
-0.2537779412011889
1.1401576243224096
0.1747648364312897
0.005830387402562032
0.24049740693681443
2.1211771608211096
1.6607888231861456
-0.07654724013670444
0.9255250112961448
1.118130401205193
1.0307537594161142
-0.7553736971744924
2.9152698322789035
0.7737555309329904
1.8025307298752025
0.7371345324770693
-0.4374972065808804
0.46856987841007003
0.2202527214927481
-1.175862476800118
0.2090583077507464
0.9844222784070329
-0.9255058579100466
1.0274067760480756
-0.408243523721167
-0.3547293147137922
1.1209816553565881
1.265953469728994
0.7283398981687164
-0.4462795554948791
-0.1790932463213144
0.7882340699368591
0.994737534869508
1.0639526202483673
1.262401939641871
-0.6110785679869069
1.126917908553339
1.0609250388171598
0.9108348420712127
1.4882400077359885
0.19289942121925074
-0.1899096122260553
0.7311842377674229
1.0376928243355898
1.9428750418115888
0.14400017617830985
-0.1911581619455509
-0.13705000733357142
2.2318016517481447
1.3563246906974125
1.1113660674695711
2.3937462687663564
0.66555190920328
-2.1651747373783525
2.0591533854774213
-0.008600565971568663
-0.4797565557372434
0.3067848324603477
-1.6571985829794778
-0.2148203071184427
0.3164207802932042
1.9556594879919835
0.1743210855467665
0.57095812770857
1.292657978486671
1.7019612618268858
0.07575717110013436
1.5512535289776719
-1.7161355832247769
2.1276070321614116
-1.1023603954577252
1.3567477919926545
1.8364913423519442
-1.2656212018111908
0.07547482235165859
-0.36550607782044375
0.10238729676085923
-1.4602433509958184
-0.7009117911067717
1.305406443139483
0.7616657307593804
0.18195553122226604
-1.77711185551665
1.2222448241075567
0.39425350738001574
-0.2912258883413319
1.4583771513917299
1.4431137142017283
0.6420020219227633
1.2635519849299839
1.259204649896665
-1.27652184767568
-0.3397030397141436
-0.6052104814068366
0.7287136329505257
1.6696350117699228
4.305959457826901
0.3485550083073701
1.8233201034756332
0.638334629702296
1.1381445599011695
0.212604441556266
0.5975826229750623
1.224218082434395
0.9277857007961225
-0.03605655898575
-0.6168520306868501
1.723786729543324
0.9612447427661399
1.8722600466389192
1.2453687799193847
1.0522318659488548
1.0351225636060835
0.30418715800784035
2.1190652630525233
-0.7877819505537862
1.8559142290480573
1.0412349783786552
2.413866751176157
0.763479029136251
0.5851900615746572
-0.15413730982315288
1.8175636203026384
1.0996915696781788
0.18572196666616891
0.20318268413150786
1.7970413876029299
-0.7757425711663539
1.4060331925488971
1.2220910712411284
2.130108629765208
2.2068130993475576
0.19303011322753472
0.9875971079466406
0.05509125830767525
1.2257972625662745
0.855896486685225
1.1660952217278453
-0.7130986995855211
0.46659261091198134
-0.7573702437047429
2.1927080661733402
0.3913158967259496
-0.07678513646751428
-0.8851970909118725
2.1467514360490787
-0.7783636711743362
-0.8271626156785592
0.3262141484240395
0.8673336644489038
0.5886498785819763
1.696162519152551
1.1391814003356227
0.6600507211580511
1.8074825644189416
0.14544552754714157
0.8379975248883111
1.0749921542478238
0.10123280421166347
-0.7509998561643019
1.092956523465186
0.3954311763977989
0.9490967046732015
1.0067143408386503
0.4106885255358894
1.6954828280029806
-0.9679874199305134
-0.19056761896537822
0.1526783533832652
1.1088629005880097
-0.14752017936605766
1.1029815836022707
1.031552067288211
0.6574898260351634
0.2172359855825312
0.27526782234940494
2.006796525308443
0.5611048476849438
0.24832722693334874
1.2361966883615816
0.007413188534277193
0.23557785671380627
0.7678179719576126
1.2118473741387348
2.0121919703082156
0.956604028596983
0.6146722948952736
0.8011419482225257
1.2324564903548292
-0.5725708211834526
1.3409356497991203
-0.1047128960357977
-0.6971711435530392
1.290890661821515
-0.8947698576736953
0.6989637193642739
1.0473536477247554
0.9419779551601355
0.4885902083342213
0.4710601466278814
1.4531398521597745
2.5345964141246524
0.44336553072379203
0.8274362913649331
1.2191019172119026
0.8689343781413914
-0.28084140480126907
-0.9051761081713279
0.5393945736102759
1.6467193424718292
1.2246293752457218
1.4623683441830293
0.20689939384600198
1.3607063639857517
0.2261946936086523
0.9240187456778384
1.2240754147788553
1.6696476100587594
0.14262647318637978
-2.445405037323446
-1.1872156482512808
1.1821122610376538
-0.7575799568262136
-0.13040947273958237
-0.010330956317452955
0.5325083102693875
2.062216411879794
0.9025928254982718
0.1256909559477699
1.2361716216151488
1.5759686920009743
1.2251614672048095
0.8488560800789378
2.089870278835593
1.2258821297073106
0.654665830699162
0.27104692007893805
1.1986957030688803
2.224236593166753
1.674060513319434
0.7425037406801116
2.0506544430510596
0.9162818880672288
1.5680824395750341
2.2044163782361723
1.9292464470437718
0.7608581235501313
0.6491988804903983
1.5242878336694634
1.8122577586045416
-0.5763949660590462
0.2482043390734452
2.10734850588832
-1.8000442331705213
-2.2442592837648463
0.25413159365648674
1.541531898976178
0.8128705803336755
0.0636678585774586
-0.7108517164504815
1.2339830723999712
0.7245195913034896
2.115277405782312
-0.18691863716291302
0.3609230651648332
1.6337891316033346
0.10543349581922801
-1.078536152723153
0.9244750166755615
-2.351508708600709
-0.1517185760764641
-0.8273896840917914
0.1638904164686945
-0.007140401726766665
0.9757314106425539
0.16011149626711862
-0.732853109857734
-0.056713880948073836
-0.2777875130558405
-0.3376141329727331
-1.6856739988564753
0.16938972306183153
4.264723483681727
1.3177759808382188
0.27524321602938295
1.0784489373041972
1.993678993225267
-0.8437250401414653
0.6046298829326084
-0.3998626706606472
0.6048654874729422
1.5487814324045988
4.218013756983493
0.35434081700213227
0.3674611817716795
-0.7820912937270004
-0.41010345408595716
-0.35350408449731496
-0.779600554247406
-0.19467615203620436
1.1818416816284576
-0.8007651569136005
1.2093019333948938
0.8904633188879938
0.6117774491230592
1.0443103259280084
-1.913792134607712
0.9434037567604938
1.227921479068704
-0.5505773476559943
0.7386242009008499
1.447038257508817
-0.20454354865575475
1.3315909864796154
0.24582996227285747
1.2094424250387146
-0.3144753454291944
1.09159901841263
1.9671228300893522
1.356782440952951
0.29607877154176254
-1.8618928706079494
1.1403687159384637
0.18142498385015582
-0.5836051291635354
-0.5999337812586785
2.1992694453336736
0.5338147097777455
0.6555858827495857
1.7646498346421193
0.2432548307169058
-2.3153551069416096
0.9450038013523452
-0.7701447643041512
0.49117828418277387
0.24186034798412503
0.387347608945495
0.12916698348288547
0.9083374237516413
0.7750950898995441
0.4749809315064475
1.0283101955491873
0.7736202660715445
1.4989606992604494
0.6029740570459712
-2.147660123762829
0.28144679507290826
-0.11102265144474455
0.20856560253080847
1.788426850126339
1.2013464983875721
0.7749041640794303
0.7649653125548097
-0.05291627952696221
0.8946387488742458
0.41333118415099257
1.3382991835309666
-0.29267606912089006
-0.09823952793653401
1.3756349558338878
-3.9486661366371605
-0.1529744248217777
-0.058853788096669746
0.12492808523524346
0.14970157730360256
-0.028721770671254365
0.18066832643522668
1.562854308948562
0.8426380671490077
-1.1453125159473023
0.20586661752717994
1.1096913947295608
0.031172998175756472
-0.18148243509744777
-0.9235431822871112
0.6271670416038355
-1.7199205126077217
-1.0836339417967675
1.0488495469206116
1.5809480639635165
-0.4477736146196327
1.2648794799901846
2.2388039612768273
1.82211007050409
0.4789407747359711
1.2529968194622843
1.3033110904324796
-0.6432450885998109
0.3215504788587511
2.057139544179141
-0.8219718376704503
2.2754148780933665
0.6022450272381552
2.438074260027109
-0.3473208376867234
-0.7874835671038998
0.7197677039697741
2.0717869781178493
1.8261522790072053
0.035486314735611924
-0.6034426916944478
-0.14961332318424514
-0.9113857013098126
0.6723853831387676
0.2963642960839077
1.6770620198146524
1.0003920017675068
1.374598660537243
0.28821552370883996
1.1365809873515547
2.0603763572776046
1.826940066645268
1.7245688172049674
1.2327680596224369
-0.7444510036576482
1.244799583847052
-0.034310224600385464
-0.1388370988474672
1.1298443159178961
1.2696603472284043
-0.3659023966522441
-0.9320657001782866
-1.8981547639959073
1.3841749438270403
0.7551258202055124
-0.16849206715731668
-0.4663791113243221
1.1659668587713772
0.5621123105300674
-2.048545619378607
1.534145695628855
0.5142928946278653
0.6892556982781879
0.9616891745145253
1.147074610906583
0.2478699432215299
1.0428953217047812
-2.132984477129252
-0.48960845379411433
0.18570803624619892
1.0146173516290053
-0.7080231812199647
-0.6338196360395818
1.2813731836689581
1.5802454812409419
0.18590992335237866
0.21435619893701574
0.3854967115003243
1.3018062446111003
-0.8926522116988824
-0.447191765689666
0.7938017215476982
1.2424096492588639
1.2997802729280736
0.5071412576642116
0.8992789494939699
1.0138692540701921
0.22928384069556929
0.37475605024085556
0.1622505845140707
1.3806486560724602
0.818243937381077
1.5242370437108184
-0.5547311829847237
0.7828310283076028
-1.8077655680226283
0.2977573905535946
0.28685425886048854
0.09409676694340652
0.7309605211526602
1.4355649228154448
1.0156728922847291
0.8538706718889109
0.08289863142104315
0.7436812301192814
1.0848964881003855
1.1151182455657835
-0.37821018523995686
1.8205550980170964
0.8412313009358248
1.2499814421840467
-0.019951507378921818
1.9502695500476412
-0.5377854361283516
0.8311812165402976
0.43430917983254513
-0.8673160828221103
-0.7462160876907902
0.23281680964478024
2.205948982098434
0.6286356763721783
0.9691919894447656
0.10617100340074792
3.1800629221677346
0.07358417028613351
2.0683293059028403
0.7406763041759881
1.1916038125643467
0.590078148312025
2.0911571120059818
0.7852097535176554
-0.8552056271879671
0.1478698279287518
-0.6616671050827247
-1.4441385536405207
2.005859395312928
-1.1539078438258459
4.361443143914351
1.607436153743384
2.134606000226702
-0.19290520629610874
0.740145924787492
0.7682377312092972
0.9987031760785574
1.085403090992135
1.4622846529859186
1.524495374759935
0.9277699374286779
0.3448863057282425
-0.10731596045672864
0.16030312292929505
0.24369132187425224
1.1830957580277182
0.4617930966171153
1.2247219490146688
0.6996000476117219
0.796593951233183
-0.7262997689492061
-0.7748471785934212
0.7852297808893383
-0.1656332153179636
1.2592843611360407
-0.2863946136479858
1.757757802167545
2.1973705536041566
-0.4492902148308531
0.5304298226457651
1.925512074899113
-1.149410810931442
-1.8216492863014042
2.1196583147317876
-0.13233109694046163
0.4417751667767007
0.08311958292051935
-0.6120642052839167
-0.433720161124741
-1.3550049413806455
1.0895966609978815
-0.10172195730468259
0.9203344413810846
2.078716860549762
0.9552816775861155
2.1022036119017504
0.8182781642129782
2.1518004129783153
0.06452415889940921
1.090475122738329
1.2768429764124112
-3.10439101820766
1.2677812968873932
1.1977525525746118
1.2930948868483108
-0.10394724823177981
0.4428581279593833
-0.21432561654654458
2.289640434937203
-0.6960285056295836
0.6935788370618248
0.802329764830334
1.9467814290603047
0.36406185317107376
0.6841515244116358
0.49461384125928287
1.008045323422297
1.2374294331293503
1.7136614668895431
0.2447316519846492
0.7894612703590531
0.5490659715347652
-0.09828150616127296
1.0267366214329696
0.9896649798761183
0.7648451841956745
1.2781953764875107
0.04529013968921847
0.25748430552169
-1.8023505853823747
0.16442582149957907
1.9864326128647276
1.3746094137780527
1.2531101542138887
-0.09710064547736064
1.5018957921851874
-1.7502759467396545
1.7596251636335434
-0.9811047348413968
-1.155040031045257
-0.7480678468339996
1.1176916809183317
-0.7618509656335135
0.9207682714553251
0.967967564991993
-0.8835486454906067
0.465586734685143
0.9803004165913092
-1.6233513857415103
1.2035778985763348
1.157465714848208
0.7556152609063105
-0.9142895560796611
0.856623954521611
1.2738651755273924
1.166476160451583
1.1179697546860923
1.534703412541913
1.09198902078825
1.564347566127333
-0.7891745467408016
1.3893138554383664
1.7535984905407198
-0.4225945918860323
0.14481469683160508
0.2598012372482592
0.7437078227921039
-2.135144127619961
0.22357884705508102
-0.5439202580368798
-0.7097952579001294
0.11908978772780543
0.9479492012232806
1.6925167401591823
1.058720342773512
0.9646752167142383
0.04360885886978849
1.1201339535022816
1.7080818128371806
1.1737911892137687
0.8438065579217247
1.124236703074995
-0.07834830883880395
0.8907708908651908
0.9238856085697957
1.8965408073092287
0.197526594705125
1.5218264769115089
0.20655897460766903
0.15993441121926066
0.04294602079538601
1.8941000201265634
-1.0197509034530827
-0.7467414135422374
-0.2433389819495022
2.162000800119095
0.045564654160893614
0.9050375037143263
1.7111271989929313
1.6631495307675799
0.22492361954865014
0.22788238433984187
0.7633670224822926
0.4836111907840115
-0.0378650753098686
-0.55536600471439
2.0677283697797626
-1.156388545440012
2.2310209626942323
-0.8564020778304005
1.6603392956088041
0.8275938574647039
-0.39304953097129225
1.4528184484648383
0.9179866224855329
-0.48121542857198607
1.4892006992963478
-0.053269444220149786
-2.2814332454319834
-1.1614640624340562
1.7472603449593493
-0.48204045757838276
-0.7718360306470284
0.5765372305854686
1.1928916069801248
0.031698079944523894
0.5860321461872715
-0.18580046985542698
1.3494122432825493
-0.4730404526966008
0.4418531998182935
0.6296958529232195
-0.7823132016676153
1.0606169177328955
0.04683198605975658
1.018490900459931
0.9659613292460585
0.22032802202422808
-0.32221075176215797
0.9368517314938871
0.6751596515180172
1.4755472161678083
-0.1858529827542048
0.973483742924067
0.258864267655468
2.203424778582903
0.9425456420090863
1.0746083476662243
-0.6687458976319638
-1.20970476494748
1.0542687540216047
0.003167517997625602
0.0706553848833047
2.25035432257458
1.799230128649279
0.8492441039410785
-0.10115881278639671
1.2537158168010136
-1.2080849144115415
0.5568770519494533
0.4966984630040425
-0.010330956317452955
1.3951837694885572
0.8320507428970867
1.5188845536314899
-0.23790742656497388
0.016074966458239803
1.349847171575083
-0.051149774505542034
1.2160156397312427
-1.5731185098532183
1.1587964781553945
-0.39927315378447004
-0.28292697817879553
-0.29807196793413837
0.8709685485695546
0.8262419768744969
0.24932759961278528
-0.05783606276626596
1.5068005220518508
-1.744864064569644
-0.19196160695999387
0.20237835576317442
1.0770743633901754
1.5994109023267495
2.1215290577695387
0.675791311384105
0.745685351037821
0.3312333506602734
-1.70939231854953
1.2333397928148888
-1.7300314927191578
1.0601090719831627
1.277783525360154
-0.18140672065148822
1.0158879955366769
0.9564764368011591
1.5850486091558258
-1.7639223602832264
1.3344985525132076
0.7780426270268923
-1.6261065727776693
-2.1839364159049164
1.74304001531964
1.1326607358349317
1.986451563770176
0.6236197883007435
0.2502539824636032
0.0748521695620652
1.5805739530717893
0.21451298614399894
0.7552539094070725
1.78010066112288
1.149202847724744
1.7595048950506356
1.5159378104821548
1.681095564364846
0.7324172951998928
2.2468257010251045
1.41974873833639
-0.28444010669637
1.169781775435088
-0.04408412929499983
1.3941298459251832
-0.26279130343978974
-0.2736628303487856
1.052041002413036
-0.813135361567225
-0.3688191185313192
0.6207031538293704
0.6575049663967398
-0.6927481127275752
-0.9129633269391171
0.052593146908564314
0.23749238730397693
1.6717086047545942
0.9480909535002104
-1.7433376050870923
1.0957034073098022
0.17370198874876008
0.1455196544779409
1.8816957689173828
1.2117770290681973
0.3433201344804915
0.10009876256474337
-0.09364725391516204
1.8170408428459681
0.3879094411563955
0.00687243937973081
-0.4715760341964197
1.094794589015399
1.8526785150756728
-0.6361078435052199
-0.7672546252237278
-1.0359578108285445
0.12495472600120561
-0.11785318194773842
1.3073012160072546
-0.5774065644462754
1.2373246382805725
-1.0642529940961896
1.1530053359428347
1.6920834683700279
1.0421175086781957
1.1306819761597815
1.0736562094941302
0.21886841940438773
1.6946091733681459
-0.9195109234849443
-0.3258288732260062
1.6452805599959675
0.3332755116933859
1.1218812275424783
1.1122408212904595
0.4424668407311949
-0.8511601846097427
0.1774692379524927
-1.0564365837058292
-0.3172208381799715
1.576852316606964
1.0944082321900876
1.4730867530448268
0.6987885017783593
-0.7421137620778664
-1.84247432985569
0.6090596360231655
1.0869449166927114
1.7618538352356086
0.7034568608928415
-1.5843466302504732
1.346281572523182
1.2399497398077353
0.07001133014348726
0.2941031789601336
-0.7619578439769343
-0.7605635503664914
0.967463984009846
-0.6322999341141506
1.19754160715136
2.186559853000407
-0.49584809155804344
1.5895995431895602
-1.7274361423750104
-0.7033174582970516
0.7116131900468674
-0.820846439180559
-0.24966784224773875
0.08349628975565704
-0.31793497626254785
4.57600480537851
3.1501915018658178
1.1802506983368044
-1.63570611174358
0.26948560948888733
0.13204057761037546
1.0647909031725251
-0.7386429792640996
0.7551578930506682
0.7666805899456288
-0.8831790945829807
0.8584308289307847
0.47452183532878855
0.5363395510877358
1.1067428714117433
1.6578612506374455
1.8921428236446207
0.7653441676073651
1.2454068005371326
-0.24149596780903604
1.3364427696256076
-0.712844858717907
-0.31653001694012284
-0.1426941389958758
0.06279058757119271
0.5347138186983988
1.988233977642842
1.0672685044142805
-0.10289774238903204
-0.8460574825177427
0.8966376973358932
2.226528564803746
-1.2819678726331518
-0.02059166751768693
-1.4821745712826022
1.4976729371360582
2.2129281910342424
0.5407835731540249
0.6985272423374598
0.8652403066981984
0.7560771085073887
0.004310903640258434
2.0167166959571765
0.5492712089691705
1.7376251277737826
1.6342970194378026
0.012760860080458958
0.1879089727856207
0.6934255494906676
1.022504632707589
-1.112888271100863
0.27115115483055074
0.5896205365385079
1.16276581715463
-1.646904813927149
0.6631536320479108
2.180666660533797
0.4607957074971716
0.47409486323432226
2.4449958193983745
-0.745383847731302
2.2207877046198625
0.5875162362443298
0.6703466767474753
-2.615989605434101
1.43070937883431
1.525591872352262
0.5538593128316149
0.6948987944902845
-1.3166255553529447
0.07293395094303001
1.5450993275355849
-0.7980066806220738
0.7264798695434043
1.7586811950553916
-1.7556683573593923
0.9704761748341157
-0.9424850900010924
0.021106519126108836
-1.2004788829032758
1.0194917758562045
1.8795882117201503
0.6255785199887796
1.4391501349630396
1.1717081836867738
1.7001949823176403
1.4469305739448903
0.7207193333808921
0.21224828100374893
1.765037788329702
1.1405386012588026
1.69280849890959
-2.210154107758349
0.8836825063194818
-0.5387470463251192
-0.21952331952832482
2.0862586553746687
-0.8815765348993763
1.233958812226584
1.1980483994900308
1.3522689584729557
1.2421570679071552
1.142941830729804
1.0816717329888048
0.21725509582797908
0.6668936830081309
-0.7683848241317497
2.022603411378952
0.8536702320362815
-1.3487313724626855
0.4634939474127293
1.1341543151694844
-0.752144927544355
3.318089350788269
1.937264903498821
1.2468215892661227
0.7460605699208496
0.9145263205134744
0.6677803033143874
2.228384429153313
-0.38411085078449725
2.5236704962300465
0.5133831605117547
1.2875380844997397
1.1413630467413154
0.7517641274982072
0.6663813831978089
0.688092838981107
1.613625879823148
0.6640225612525223
1.113409591840401
1.1638765878727848
0.8933901538944178
1.00633408722614
1.2692084328978055
0.19356941814317308
1.0269554002410919
1.2964516679792633
1.833807246431944
-0.2672344855221449
1.0110338093650375
0.7576755571584544
1.7495464172492272
0.08023155814516958
0.6827570321453407
-1.5892253123996047
-0.3291293958133359
1.2497804080294155
0.2826306790101343
1.0318199909467523
-0.6659936846405241
1.0903800551160865
1.2602820191072577
4.546614409255603
-0.35436994594144755
0.7319548827652365
-0.8985199596166336
0.5745446667364793
-0.011485421833195453
0.27647808846695643
0.12813286635775079
0.855921502611654
0.4566366535088937
0.257157588393671
0.7124757003317734
1.5473075831074552
1.6015031518439984
-1.7054812942215851
0.09307764613297653
-1.79304137218783
-0.6392718410980605
1.2092718691682962
-0.18482976098157256
1.1261841102964607
4.314410785104804
1.7288581644936973
0.302312006709887
0.711103096850739
2.2815986898043183
2.1895326897832
-0.7834395574031676
0.7326700043401
1.3743111235852803
1.2601325906314274
0.2437559590620202
1.2705634140387705
1.3178073859554407
1.680174836663126
0.22363388930282735
0.6218383233829687
-1.6473338335026289
-0.23820118037856775
1.8951612481855649
-3.169377205028984
2.1044145521846915
0.16583111563136876
-2.1905981839321047
2.230818796435913
0.6027382853001684
2.090152525865108
1.2170272117402314
1.8311071210586043
0.7231706040281836
1.1957304808728941
2.1516440214851005
2.8735041705101882
0.08020979368877867
1.3720922975967609
0.6919487673751537
0.7448459812244708
-0.7601627364459977
1.7396268918097162
-0.25029819508847595
1.236576934705277
0.7881079870246523
1.429685643624945
1.8398838142320564
0.8533298906917128
1.682584983451624
-0.29191182437094687
0.12458284609953862
0.6963623623511945
-0.23357722662671065
-0.41607253615732187
-0.10208532408069981
0.8142532792503752
0.5670347162659226
0.4019268101661351
1.1195525789585195
0.5665413272278035
0.3036441412862483
-0.27687168349389735
-0.8351604868347757
-0.7471131520671355
0.6179970834909985
0.13908822294440126
0.7916073983028626
0.23425514180773543
1.3612917186395275
2.3304368259898824
1.1403970031608708
-0.05380517249715289
-1.271199632721708
0.033280740665119435
0.09351845845343387
0.5649593849990735
0.613443671301666
0.26086990462609894
0.08267208620266775
0.142850034756961
1.1430881978922645
0.34649642318530693
-0.7759124509216351
-0.560649186672145
-2.4860919870678786
0.8327233436269803
-0.11496307431821684
0.8718214941207325
1.2942961252751752
1.6318402706352804
0.749089296623989
3.260231883408101
0.8183055691836598
1.9434095938296112
0.2044791453712156
-0.7765713516356572
1.9122516814465924
-1.2892865184360942
0.978766286556735
-1.0233029677811487
0.26842417614140546
0.25924705305701856
0.13388864733133676
1.2180000974668448
-0.00012694056074824545
1.2012730138423748
0.8621046148040736
0.519304617361279
0.3610854384479447
1.9169232107286827
1.1150887651798405
1.1520596153446347
1.0580762019702816
0.4408829425200307
1.2159009688589024
0.720253849868453
1.2901822419914644
1.1157076630116065
0.8387810207934088
1.0300887034043473
1.6940797770349985
1.8701260744041437
0.7424021472589248
0.6612109893240996
0.6491645387077782
0.49285316050956496
-0.393729727896436
0.15362975426592307
-0.7140984138328319
0.36162593084755246
0.49326812323376945
0.6001611134487623
-0.25570645094906475
0.6850959589485379
-0.741575904111643
-0.44897135066464733
-0.25299094780387277
2.2807708759964056
-0.159038574413235
0.23230442743285362
2.026782661121476
1.2172870003180072
1.1869878612075013
0.2616411134611205
0.874219622670914
0.4985001755166425
1.250673504966544
1.0487869724293963
-2.2278752937948285
1.218238530806628
0.7666610193569667
-0.6523043097602557
2.134795598740748
0.2691616963656198
0.8551484981565296
1.2683070053465535
-0.7757231508508609
-0.32959831591703725
1.2501667800871585
1.6114719949513288
0.6264799666459067
-0.5144960634352627
-0.6228695875781667
0.7324600852777468
0.8140611609115735
1.6804840158688314
-0.9367481769856827
0.9515468826309799
0.36906892655895396
2.2114327277492545
0.8024014885653283
1.6427114619265568
1.050493476167937
0.03619390320192206
0.7579680923139454
0.7852279857547853
0.008086074445417424
-1.293166438011779
1.0941978890807649
1.09285965012754
-0.06955682747202574
-0.5749031767629513
0.8041654182574347
2.2112212232341273
-0.6681259396603494
2.2405269752196872
1.2174911341081143
1.6643337931721653
-0.420867646875537
0.11924179327043927
0.7186494602608744
0.001161291727742153
1.6460021627632604
0.405539013092187
-1.088396159979172
0.4415705681477422
0.13934674127987634
1.2597412246049209
-0.2510298945744758
1.0371868610586779
0.8565573945385587
0.9858712184166762
0.6375171499249968
1.9213502161261564
1.7683685005178758
1.6434263908837887
1.0255527697415636
0.7859943085681129
-1.245314398943771
-2.971844259295753
0.25312235794446414
-0.514859591987257
1.6010020680788943
0.68132003099862
1.159251237703312
1.1879531035842388
-0.62405015721074
3.0517250395120676
2.133344310055083
0.12025033398837515
0.15344326511912332
-0.7320860550992032
-0.22761043510304058
-0.2543003401023456
2.2577769702219066
0.6330795567217717
0.7026042346183861
-0.13901909536655221
-1.7513239759775039
0.2770859127824421
1.2308411768072518
2.2568117633274585
1.5668471654056186
-0.8357825781188146
1.130380874692464
0.08944969825240756
1.6156909069577625
1.2426689620290778
-0.394569148730195
1.3795390590166576
-0.13380375160174562
-1.348810098511211
1.315009712142459
0.15626435572269326
0.6523696088214996
0.16310739588005907
-0.7435188123629004
0.1547491880674139
-0.7932800834279976
0.21267204795881733
0.797590815160365
-0.8793457593794658
3.1612393932317557
1.2266453520309324
0.67442670115893
0.47646156667760176
1.189478912728199
1.921515858069632
1.7762411549827335
1.0027049880163919
0.7365781731074694
-1.5325237406353471
-0.34535011253114245
0.8611874226155396
0.19732767217126002
-1.7315859667600288
1.282583811690614
0.9177285141938589
-0.4552203556766101
3.0198654548048167
1.2505219440264845
-1.77792133173776
0.09238017462399783
1.0096287661668728
-0.036723180762050944
-0.0213302669193558
0.7224324850493629
1.0888541163634353
0.24948513624225432
3.3327819118192745
1.0373458968203324
2.242472275258678
1.1754511274685364
-0.8865999446725938
1.0352539314234148
1.7374979099577303
0.21160262254782092
-0.42237871775880365
0.8357811214132931
4.653024878215231
1.1125232332442732
0.25827573961280814
0.8436457393099563
0.440362100815892
-0.21518616482031616
1.2154902111503092
2.5642738786678
1.4405367553765083
1.5191550796649902
1.1951697890886894
-0.7422019511189899
0.2454952317253336
1.312399260186499
-0.6477661149026588
0.7725410603192064
0.08812703560377377
1.087276412015155
0.5433931500766755
1.9857388744574922
0.25296576598888354
0.877636234815804
0.34145610175339014
1.1126447753496302
2.2674517023225973
0.7257946110021471
-2.183289582141885
-0.6413696122071539
1.2405179118444956
1.1185120999374147
-1.7000300292306667
1.037190101187424
0.13915648903749211
0.20106921490210183
0.7550886072845282
1.0006817805087085
1.4791579149738823
1.2287544390896152
0.1558508944526955
1.453899820595986
0.7404544571024885
2.1683385681021803
-0.7102576795535644
0.4346677671346586
-0.16561779904384677
0.8686379251038097
-0.2237168055926615
0.9365654105099837
0.45828703926864023
-0.746722589212923
0.1584527724825997
-0.2973587320787825
0.45810905108313316
-0.19218370546217756
0.17034065199215753
-0.3472903637512421
-2.2247087289699916
0.7681017985101604
0.6758441100525068
2.0507761547682817
0.22852306694760305
-0.19424485853905438
0.21711960894911897
-1.7090664832788454
0.2239453719309159
0.9844007694432171
0.6419314959527993
1.9673104735624132
-0.6325208506937727
-1.4907839978401878
0.17932969811923583
0.8318126646121153
1.2896546428153175
2.200828644723423
1.1221535939256988
0.4098584676013868
-0.21752996554421244
2.195342973203506
0.8777001795612605
-0.7674548535649093
1.3594628843380847
-0.8590292699180297
1.1825833886847503
-0.2784440346446351
0.5544924668398616
0.9620159082946933
0.5396479308789339
-1.795124476259414
1.2482029845616864
1.27198392299842
0.6531795584235804
1.8303734152765414
1.759168162086639
-0.21425544678087238
1.2573013524303454
0.7203855476613104
0.2814995576253687
0.369410465896328
0.7194178001313145
1.8968431817579439
0.39094632904422033
0.8349416460515582
-1.7299390761279065
1.009809232698073
0.22899005668998562
-0.2890637465495858
1.1295267576245318
1.4602896983929892
1.0311869712639359
1.9276659369757607
2.104853903166636
2.163859519770016
0.9057790828258647
-0.1853581868058627
1.151464991144007
-1.5413346398847025
3.3779516554343827
0.5171569044274116
1.7069797197037628
-0.9983457764710857
2.7514204446981667
-0.9431948731404889
1.0498516105133877
1.4666118028552164
1.1534824508560577
3.425380243353538
-0.7870689223303295
-1.017387757884356
0.9442551712691398
2.98792236346085
0.29941363980422775
-0.7433836644992864
1.07299376336915
1.3210208801964929
-1.1593194935545261
0.12567991211499407
0.10773747930168964
0.5536978672295598
-0.3161273725864069
1.9172839963690835
2.4478006665733276
0.23703726454817797
0.2643154888046557
-0.030058549959535608
1.4015688186733284
1.1928009101503352
2.246831346733052
-0.7997643483500645
0.38429011236607247
1.5725293542375307
0.838247998091461
1.7436784504739653
0.2732032284497268
0.27707139793553326
1.354843297111871
2.506543238292124
0.9332930005523008
-0.7894425905524365
1.1834142211136012
2.228139008985108
0.4694499609230718
-2.0386336785217125
0.7008100260278272
1.2006806845971756
0.5571104256078754
0.06411460991867468
0.4503333435095893
0.7759663215756896
1.2559214233804736
0.7576856196718826
1.7398438588611946
-1.317584670963773
1.1644805574525465
0.32661393637462544
0.36532233046987894
0.5211034892642581
-1.670972975853286
-0.47816029082855005
-0.30707334662764163
0.9064298977713343
0.19160744435776556
1.6644302570492093
1.1732334206063992
0.16462591499713586
0.21392397835048405
1.9511329887810822
-0.24739140313150187
-0.8251068908229469
0.6577567867838163
1.1563592272868157
0.4455851147189427
1.1276879741167152
1.2297291420137366
1.112455101153552
1.6953518621245602
-0.8689592148143048
-0.1830178013663204
-0.10804299335029688
0.9906979083308856
2.069276971415069
2.241813326208472
1.1306921623731978
-0.623436367602832
1.1808831129822184
2.207329861729074
1.1073657608214473
1.3235126042342418
0.8036861597933895
1.5292839160052143
1.2290461501432137
0.7820281123262451
2.137122026019473
0.7873146518778036
0.819310816423569
1.7058599511859094
0.27636049561621867
2.361407452833552
0.1974850836040969
0.232891863959253
1.504829340871987
0.3424547620617129
0.6067963110807937
2.196770297984186
1.1005563114493015
-0.7546251702017108
-0.6797746949653907
1.0991191343255795
2.020615398220772
-0.9240463662492937
-0.9226880335933898
2.6691926398981014
0.05629251481003905
-0.2477427811558659
-0.01378660030317036
0.20824985546689856
0.9614825711657202
0.027787609140446534
-0.3697199877291544
1.0209069571033846
1.022537646197116
1.5456381520778781
1.7365533827374389
1.16375875079907
1.149362464608823
-0.3229370502540423
-0.9414953282058676
0.29232783236130544
0.8093616816753038
1.3475484887778033
0.8734468909111399
1.2240837368419029
1.0858945139014309
2.0835160815421223
3.102660340729578
0.35503755668108217
0.29813725144790704
0.731462519648256
1.7962177446327958
1.9745112295445075
0.2562453782335936
-1.0880901389544495
2.206028175099646
-0.7152607510324382
-0.9791307936968767
0.26470359703575896
-0.9653176832696002
0.00013262573566130698
-1.0383818870772474
1.0189742511407909
0.9265815728585105
0.1318794324052086
0.27554090466924697
0.051962268979519166
1.1306810818189774
-0.2152157213043413
1.882552077518043
2.1956669555994335
-2.256872587576028
-0.6666120777778719
2.031929636752781
-1.2018465914047542
-0.20643103178548516
1.7553809550941453
0.2603761049643878
-0.6805353890264567
-0.8179298747941135
-0.2540217957777835
